Program 1: Enhanced DOS Support
Refer to "COMPUTEI's Guide For Typing In Programs"article before typing this program in.

100 IF A=0 THEN A=1:LOAD "DOS 5.1",8,1 :rem 133
110 READ ADtIF AD=-2 THEN 180 :rem 229
120 CK=«0:FL»PEEK(64)*256+PEEK(63) : rem 72
130 READ DTiIF DT=-1 THEN 150 : rem 9
140 POKEAD,DTiCK=CK+DT:AD=AD+l:GOTO 130 :rem 71
150 LL=PEEK(64)*256+PEEK(63) trem 28
160 READ CS:IF CS<>CK THEN PRINT"ERROR IN
DATA: LINES";FL;"-";LL:STOP irem 108
170 GOTO 110 :rem 99
180 PRINT "{CLR}ENHANCEMENTS ADDED":PRINT"{2 DOWN J PO_43,0: PO44, 204: PO45,0 : PO46 ,208" :rem 1
190 PRINT "{2 DOWNjSAVE"+CHR$(34)+"DOS 5.1E"+CHR$(34)+",8":PRINT"{HOME}":END :rem 180
200 DATA 52232,207,205,205,205,204:rem 122
210 DATA 205,205,33,33,33,33 :rem 79

220 DATA 33,239,71,71,71,220 :rem 90
230 DATA 71,71,37,47,38,94 :rem 8
240 DATA 61,95,64,46,62,33 :rem 3
250 DATA 64,64,83,-1,3203 :rem 198
300 DATA 52334,170,170,170,170,170 :rem 130
310 DATA 170,170,170,170,8,56 :rem 141
320 DATA 52,33,13,32,32,32 :rem 235
330 DATA 32,32,32,68,79,83 :rem 4
340 DATA 32,77,65,78,65,71 :rem 13
350 DATA 69,82,32,53,46,49 :rem 11
360 DATA 69,47,48,51,49,53 :rem 16
370 DATA 56,51,13,32,32,70 :rem 246
380 DATA 82,79,77,32,86,53 srem 20
390 DATA 46,49,32,66,89,32 srem 16
400 DATA 66,79,66,32,70,65 :rem 9
410 DATA 73,82,66,65,73,82 :rem 10
420 DATA 78,32,40,67,41,32 :rem 251
430 DATA 67,66,77,13,32,32 :rem 2
440 DATA 32,32,32,69,88,84 :rem 8
450 DATA 69,78,68,69,68,32 :rem 29
460 DATA 66,89,32,83,32,-1,6546 :rem 1
500 DATA 52497,11,221,27,-1,259 :rem 244
600 DATA 52548,15,-1,15 :rem 102
700 DATA 52555,173,39,204,201,36 :rem 44
710 DATA 240,96,201,48,144,9 :rem 100
720 DATA 201,58,176,5,198,183 :rem 160
730 DATA 76,127,206,201,81,208 :rem 197
740 DATA 3,76,108,206,201,78 :rem 100
750 DATA 240,4,201,83,208,3 :rem 39
760 DATA 32,189,207,-1,4950 :rem 55
800 DATA 52636,169,13,32,22,231 :rem 247
810 DATA 32,165,255,201,13,208 :rem 189
820 DATA 246,32,22,231,32,171 :rem 137
830 DATA 255,234,-1,2564 :rem 157
900 DATA 52774,32,95,207,201,37 :rem 1
910 DATA 208,3,169,1,44,169 :rem 54
920 DATA 0,133,185,165,10,32 :rem 88
930 DATA 213,255,144,3,76,249 :rem 156
940 DATA 224,165,10,240,3,76 :rem 94
950 DATA 126,225,32,183,255,41 :rem 200
960 DATA 191,240,3,76,156,225 :rem 155
970 DATA 173,122,204,201,37,208 :rem 243
980 DATA 1,96,134,45,132,46 :rem 56
990 DATA 32,94,166,173,122,204 :rem 205
1000 DATA 201,94,208,3,76,178 :rem 145
1010 DATA 207,76,161,225,234,162 :rem 33
1020 DATA 2,189,171,227,149,124 :rem 246
1030 DATA 202,16,248,76,121,0 :rem 132
1040 DATA 32,89,225,76,144,164 irem 203
1050 DATA -1,11372 :rem 104
1100 DATA 52874,48,-1,48 :rem 160
1200 DATA 52882,48,-1,48 :rem 160

1300 DATA 52945,234,234,234,234,234 :rem 192
1310 DATA 234,-1,1404 :rem 247
1400 DATA 53067,165,123,201,2,208 :rem 81
1410 DATA 13,162,0,189,123,204 :rem 183
1420 DATA 240,6,32,22,231,232 :rem 127
1430 DATA 208,245,96,169,0,133 trem 201
1440 DATA 10,173,122,204,201,61 :rem 224
1450 DATA 208,4,169,1,133,10 :rem 87
1460 DATA 201,38,240,1,96,56 :rem 96
1470 DATA 165,45,233,2,170,165 :rem 197
1480 DATA 46,233,0,168,96,234 :rem 156
1490 DATA -1,6489 :rem 77
1500 DATA 53168,234,234,169,0,32 :rem 42
1510 DATA 144,255,32,142,166,76 :rem 248
1520 DATA 174,167,162,0,189,219 :rem 255
1530 DATA 207,240,6,32,22,231 :rem 131
1540 DATA 232,208,245,32,228,255 :rem 41
1550 DATA 201,78,208,5,104,104 :rem 188
1560 DATA 76,175,205,201,89,208 :rem 1
1570 DATA 240,96,65,82,69,32 :rem 113
1580 DATA 89,79,85,32,83,85 :rem 79
1590 DATA 82,69,32,40,89,47 :rem 67
1600 DATA 78,41,63,13,0,173 :rem 41
1610 DATA 39,204,201,64,208,3 : rem 138
1620 DATA 32,189,207,32,89,225 :rem 206
1630 DATA 76,144,205,-1,9669 :rem 109
1700 DATA -2 :rem 65
