100 IFA=0THENA=1:LOAD"DOS 5.1",8,1
110 READAD:IFAD=-2THEN180
120 CK=0:FL=PEEK(64)*256+PEEK(63)
130 READDT:IFDT=-1THEN150
140 POKEAD,DT:CK=CK+DT:AD=AD+1:GOTO130
150 LL=PEEK(64)*256+PEEK(63)
160 READCS:IFCS<>CKTHENPRINT"ERROR IN DATA: LINES";FL;"-";LL:STOP
170 GOTO110
180 PRINT"“ENHANCEMENTS ADDED":PRINT"PÏ43,0:PÏ44,204:PÏ45,0:PÏ46,208"
190 PRINT"SAVE"+CHR$(34)+"DOS 5.1E"+CHR$(34)+",8":PRINT"":END
200 DATA52232,207,205,205,205,204
210 DATA205,205,33,33,33,33
220 DATA33,239,71,71,71,220
230 DATA71,71,37,47,38,94
240 DATA61,95,64,46,62,33
250 DATA64,64,83,-1,3203
300 DATA52334,170,170,170,170,170
310 DATA170,170,170,170,8,56
320 DATA52,33,13,32,32,32
330 DATA32,32,32,68,79,83
340 DATA32,77,65,78,65,71
350 DATA69,82,32,53,46,49
360 DATA69,47,48,51,49,53
370 DATA56,51,13,32,32,70
380 DATA82,79,77,32,86,53
390 DATA46,49,32,66,89,32
400 DATA66,79,66,32,70,65
410 DATA73,82,66,65,73,82
420 DATA78,32,40,67,41,32
430 DATA67,66,77,13,32,32
440 DATA32,32,32,69,88,84
450 DATA69,78,68,69,68,32
460 DATA66,89,32,83,32,-1,6546
500 DATA52497,11,221,27,-1,259
600 DATA52548,15,-1,15
700 DATA52555,173,39,204,201,36
710 DATA240,96,201,48,144,9
720 DATA201,58,176,5,198,183
730 DATA76,127,206,201,81,208
740 DATA3,76,108,206,201,78
750 DATA240,4,201,83,208,3
760 DATA32,189,207,-1,4950
800 DATA52636,169,13,32,22,231
810 DATA32,165,255,201,13,208
820 DATA246,32,22,231,32,171
830 DATA255,234,-1,2564
900 DATA52774,32,95,207,201,37
910 DATA208,3,169,1,44,169
920 DATA0,133,185,165,10,32
930 DATA213,255,144,3,76,249
940 DATA224,165,10,240,3,76
950 DATA126,225,32,183,255,41
960 DATA191,240,3,76,156,225
970 DATA173,122,204,201,37,208
980 DATA1,96,134,45,132,46
990 DATA32,94,166,173,122,204
1000 DATA201,94,208,3,76,178
1010 DATA207,76,161,225,234,162
1020 DATA2,189,171,227,149,124
1030 DATA202,16,248,76,121,0
1040 DATA32,89,225,76,144,164
1050 DATA-1,11372
1100 DATA52874,48,-1,48
1200 DATA52882,48,-1,48
1300 DATA52945,234,234,234,234,234
1310 DATA234,-1,1404
1400 DATA53067,165,123,201,2,208
1410 DATA13,162,0,189,123,204
1420 DATA240,6,32,22,231,232
1430 DATA208,245,96,169,0,133
1440 DATA10,173,122,204,201,61
1450 DATA208,4,169,1,133,10
1460 DATA201,38,240,1,96,56
1470 DATA165,45,233,2,170,165
1480 DATA46,233,0,168,96,234
1490 DATA-1,6489
1500 DATA53168,234,234,169,0,32
1510 DATA144,255,32,142,166,76
1520 DATA174,167,162,0,189,219
1530 DATA207,240,6,32,22,231
1540 DATA232,208,245,32,228,255
1550 DATA201,78,208,5,104,104
1560 DATA76,175,205,201,89,208
1570 DATA240,96,65,82,69,32
1580 DATA89,79,85,32,83,85
1590 DATA82,69,32,40,89,47
1600 DATA78,41,63,13,0,173
1610 DATA39,204,201,64,208,3
1620 DATA32,189,207,32,89,225
1630 DATA76,144,205,-1,9669
1700 DATA-2
